903	2384	54
9656	9656	0
978	1162	14
4598	7460	8
2726	603	36
1865	1865	0
3373	3373	26
5330	2314	4
123	125	40
2173	7692	162
3053	5329	66
3338	3112	138
5717	449	16
7511	7511	56
8332	871	10
3109	3109	80
2958	2958	150
4962	1017	202
143	143	0
470	470	366
4268	4268	0
445	443	18
4173	2909	4
3350	2412	2
9745	5920	4
616	472	4
4073	4073	0
8357	869	10
3324	4123	54
9968	1622	2
2060	6538	174
6665	1534	6
7069	7069	36
8699	3212	82
5245	931	4
7569	187	26
7756	4093	8
1127	6965	2
7058	7058	10
7618	7618	92
3353	3353	0
5804	5804	0
9239	4377	28
3123	1591	2
5256	5256	0
5899	5899	136
4529	4529	0
8087	8087	0
1602	1604	6
2084	1523	14
5876	3107	14
9663	1177	8
7063	2545	252
460	4080	2
7779	7779	12
5956	5956	0
7780	7779	20
170	170	0
2292	2291	66
1355	1355	0
4143	4143	0
7852	931	122
2858	2855	116
3895	3020	14
2062	2062	20
6336	7595	4
5856	5856	20
6428	6428	60
9805	9805	0
7725	7725	38
9014	5023	12
3368	3368	428
1434	1434	290
8446	7460	22
6131	4516	20
6572	6574	78
8868	7074	14
9182	9182	38
9351	3232	2
8605	317	34
723	388	116
8090	8089	10
8712	2878	2
9308	2478	2
9819	303	6
505	505	38
8744	8635	36
9058	9057	72
9592	2278	8
2069	2069	44
8279	1604	14
5008	5008	230
1312	1312	14
8098	8098	0
8861	8859	58
9103	8378	12
3865	3863	88
5868	3316	26
3033	3033	0
2720	1308	22
1298	1298	0
8890	8890	96
1043	1043	0
6829	6827	12
2458	2953	16
271	3589	2
3747	3747	42
938	938	500
8201	8201	0
912	912	88
5498	5498	0
9177	5876	12
1143	1137	70
3449	3448	28
8601	8601	0
7872	7872	8
2384	2384	116
5570	588	6
1748	315	12
76	540	10
5324	5323	10
4135	388	42
5425	5425	0
2550	2550	80
6108	2338	4
1131	768	26
9641	718	14
4687	4855	6
3127	3127	0
21	21	80
9662	9662	0
7831	7831	36
2102	6719	14
1172	4249	20
4805	4805	0
6075	4560	4
9821	2847	34
5378	4382	2
9022	9022	0
1158	4451	4
872	9584	14
8469	8468	70
3481	3481	0
2108	2107	48
4859	3019	30
4606	4606	404
8018	731	14
5983	821	84
7666	7511	2
1111	1111	10
6371	2979	334
2143	1821	26
4974	4974	176
5632	6259	10
7149	2328	2
3574	4644	14
7484	1015	290
8277	8277	0
2282	1412	18
835	835	0
9358	9358	0
8057	8057	12
9346	9346	0
7290	7290	0
2953	2953	118
7400	7400	2
8889	8890	86
1446	1446	8
1559	111	12
986	986	0
4741	4741	0
7387	5293	16
8596	8596	0
2454	2454	12
6658	6658	34
4243	4243	0
1092	1087	262
9929	6347	12
8100	6380	24
4760	4760	0
6756	4141	26
6812	6812	144
3663	3663	22
3900	3900	0
4591	871	48
753	5876	6
2442	2442	0
8880	869	6
2203	2203	14
1759	5899	2
7734	3847	26
2924	2924	18
5205	4347	158
5108	1676	34
812	588	214
5539	3382	56
2163	2163	0
6212	821	8
7151	7084	22
4071	4071	16
3605	90	30
2903	2903	24
645	645	1152
515	514	16
2191	1973	32
453	454	92
778	6709	12
3114	3114	0
4640	543	4
2676	2676	10
3559	3559	64
6587	2091	10
1118	2372	4
2225	2225	18
4498	1875	20
2082	6380	48
2936	3019	14
1174	1174	2
6913	1619	14
5582	5004	58
6803	2018	16
3667	387	16
4906	4906	44
1484	493	14
9474	7100	12
9782	111	22
5928	5928	0
9134	4249	2
7519	205	274
3679	5525	52
3942	3942	210
484	484	130
2742	2742	62
1570	1570	62
47	47	288
5820	5816	80
3361	1379	482
634	633	16
7294	871	180
1133	768	190
2231	1333	108
2494	2512	8
3317	1017	314
533	533	70
3298	3298	0
9717	9717	0
4583	4580	88
6941	6941	46
2670	2670	168
7440	7440	0
9158	9158	40
571	571	252
8831	1193	298
3977	1729	132
9325	9064	84
4822	4822	40
8350	8350	0
5996	5996	0
9342	5279	32
5382	5382	0
6754	4141	98
739	739	68
8026	8026	18
5031	4123	12
4986	4986	0
3625	3625	4
9529	9529	0
9711	577	14
8270	8270	0
6547	6547	28
6220	2540	20
3660	514	8
4993	2909	10
9427	3389	2
3699	3699	14
7177	7177	0
3073	1875	18
7220	7220	28
7320	4704	66
3732	3732	0
5903	5899	140
4481	4481	0
9887	9886	20
2351	1495	350
8031	8031	0
3141	7270	4
8944	2377	4
7565	7565	0
311	310	176
4275	3874	2
849	2963	10
2033	2025	138
3911	3911	30
3231	3231	0
5423	5422	60
4987	4987	0
2	2	98
6962	768	86
2151	1941	16
2430	2430	24
2983	2983	0
6265	6264	62
7652	1149	10
768	768	362
4503	4503	0
545	809	14
9639	9639	0
6971	3696	32
4721	771	2
7195	7195	0
298	298	0
1644	1644	0
1369	1369	0
7707	7703	30
237	237	48
3406	963	54
8689	7355	70
1420	1419	34
9569	6597	86
2407	5329	10
3941	4382	52
534	533	72
3041	3041	0
4828	3890	26
8207	792	58
6983	3335	2
8074	5221	2
1447	1446	8
9948	9948	0
9125	9125	64
5315	1690	12
7460	7460	100
2046	2046	0
818	818	6
2919	1188	2
4587	47	42
1528	1528	14
8108	1162	4
5625	5625	18
2911	5329	8
8212	5015	2
217	217	0
579	579	0
6079	5323	2
1185	47	64
2395	2395	116
9779	9779	0
8558	8558	0
4137	4606	4
3276	2714	12
7117	7355	4
5902	5902	0
5517	3684	34
7672	5218	2
887	887	202
8852	4704	4
2270	160	36
2752	2752	4
6339	6339	0
7975	6538	136
1453	1452	24
5019	863	24
7230	456	18
7611	7611	0
6377	6374	18
9910	6597	18
327	3751	2
3803	7771	58
8321	8321	0
846	846	4
4441	4441	0
6009	6009	150
8437	4110	346
4609	4609	0
4727	355	34
5416	5417	8
3964	3964	46
3992	4451	2
4951	4951	0
7010	4974	102
2547	2546	68
4069	1962	28
9413	1105	2
6685	205	18
2644	2644	134
855	854	12
9212	5697	2
9740	9739	592
6426	6426	0
7512	454	114
499	499	0
6138	3234	18
7368	1849	18
5590	3177	18
9231	368	18
7412	7412	54
562	561	36
2886	2886	0
5110	5110	0
1553	101	12
7163	7163	0
4414	1105	16
5816	5816	66
3498	3498	14
5594	5593	12
4884	2412	140
4406	4406	0
6264	6264	28
1230	645	16
3438	3438	0
3883	3883	0
5424	5424	0
9447	9447	52
1522	1522	172
2333	3419	50
7223	5990	2
4686	6719	240
7690	1680	4
3182	3182	0
6347	6347	100
109	108	20
5017	5015	10
9470	3988	118
6878	6877	22
4382	4382	96
2556	2556	0
1462	2264	2
8650	1941	16
2603	966	130
6256	260	20
4396	4394	8
1719	1719	8
5045	5045	0
503	3232	8
8717	7872	8
6262	111	2
8137	2338	30
8305	8305	0
2697	1522	112
1272	1271	42
7074	547	270
8210	8210	0
9647	9645	16
2792	2834	2
1108	2554	2
2208	2208	0
731	731	30
6947	2206	8
3538	3538	0
2152	963	4
6574	6574	38
176	176	10
6907	6328	114
8509	5775	90
5944	2545	50
9017	1256	28
5317	5317	0
1194	1194	80
4010	4010	60
1256	1256	116
1693	1692	130
5489	1586	48
6770	6770	0
9629	1017	30
930	931	36
7089	6558	36
10	2291	2
6380	6380	130
3226	3225	34
4193	3292	264
5715	449	82
1180	1180	20
2968	5775	4
1600	1600	14
694	694	0
8625	547	38
2703	2703	40
7923	2924	4
6447	6447	0
7468	3110	2
4536	4536	0
1105	1105	114
2400	588	308
2452	1368	88
2228	455	94
1390	1390	0
1020	1941	2
4082	4516	8
4726	355	198
253	2342	2
7263	4148	8
9064	9064	104
4820	1452	8
2986	2986	44
5814	737	12
2639	237	20
1756	47	12
3723	2302	160
3767	3767	14
118	118	14
7550	310	158
6322	6322	22
9393	9393	0
8083	8083	0
6255	6255	28
2707	302	144
265	265	52
3540	3540	10
318	6322	18
1584	1584	0
9775	9775	0
2052	2052	108
6487	6487	0
2629	4124	22
5151	5151	6
9788	4600	8
7886	7885	174
5885	5884	14
1851	1851	20
1915	3806	2
2873	2873	0
5593	5593	8
6189	6189	0
4262	4262	0
9841	9841	0
4619	7355	50
5275	1312	10
8878	7970	8
3427	3426	96
3139	875	4
3356	2305	32
8	8	0
7864	7864	0
1364	2765	2
889	887	152
5990	5990	2
9180	9180	0
7525	7523	12
1487	4906	2
1988	2107	2
2347	2422	4
2905	2903	22
3616	3319	2
9315	7557	12
4902	4902	0
1387	449	42
2354	2275	18
9632	2323	2
683	683	118
2242	2242	0
2866	2866	2
9978	1368	60
5807	3517	54
671	671	268
9907	9907	0
5510	5510	0
8942	8942	0
7742	7742	0
4853	4853	0
527	527	18
975	731	66
6931	6930	12
8986	6477	58
3183	3184	24
7458	7458	0
3057	2563	46
1834	1834	0
2599	2599	0
8168	871	12
6709	6709	80
5840	5840	52
9982	323	18
4202	324	8
4362	4197	12
6523	2048	26
2930	2930	28
6168	211	26
7963	7960	10
1193	1193	166
5710	821	14
3544	3544	0
4191	4191	0
7174	4071	44
3098	3098	0
3776	2014	4
4964	724	76
2855	2855	50
2199	2199	16
7571	459	22
146	146	0
8096	2206	70
589	3036	40
1903	1903	0
9702	9702	0
824	824	16
8841	8841	0
116	116	0
6980	6977	54
8961	3234	6
4608	4606	138
2965	2965	14
6199	7719	6
5086	5086	36
480	480	10
1242	1242	16
450	450	0
5706	666	64
1120	2140	126
1782	1780	34
2259	2259	0
8285	6380	138
833	833	0
2836	2836	0
6052	5329	170
6968	6965	22
2009	642	18
728	728	24
9227	174	2
7255	7255	0
1162	1162	82
3982	6750	16
6358	6356	24
2588	2588	0
7048	7048	0
1720	1719	16
8002	2206	174
689	8280	4
4862	4862	0
6728	5417	18
108	108	18
1077	1077	14
2651	3047	8
4377	4377	218
455	454	240
8635	4635	52
3816	3696	36
7703	7703	30
6232	7692	176
9195	8018	6
160	160	8
3646	3646	0
9903	3684	14
5009	5008	8
655	655	12
4302	5903	8
5529	2048	18
1891	1891	144
2765	2765	418
2048	2048	744
514	514	26
6060	6026	116
4891	1469	8
4500	4500	364
7186	6597	14
9423	2953	4
1019	1018	54
7112	1691	24
9153	588	12
4655	4512	64
3095	4382	6
1828	8635	6
7347	7460	2
4791	547	12
6909	809	2
5321	3293	14
5656	4580	20
1826	1826	262
2623	302	4
2761	2069	6
785	5502	2
5224	3559	132
4592	871	334
3955	4699	6
2541	2540	44
1822	1821	126
2530	2530	0
3451	1692	2
5380	5380	0
5599	1111	10
1492	3368	74
1000	1000	0
8882	8882	0
9996	9112	16
6761	6311	14
4336	4336	0
8910	6709	6
9580	6750	30
1727	1727	0
7978	7978	0
9353	2041	4
8326	1821	182
8538	9886	4
5907	5907	6
976	976	136
4866	4866	26
2708	2708	28
7084	7084	20
2815	2815	60
9129	1105	144
5297	303	6
6187	6187	0
2072	2072	0
9922	3187	110
8389	388	14
1941	1941	528
5551	2412	2
6565	5735	34
8916	1333	12
7171	7171	0
5354	5354	0
9586	9584	64
8587	355	8
4066	1972	8
4922	4919	12
2558	2558	14
3164	3164	0
7168	4906	18
260	260	170
3367	3368	74
2878	2878	18
3535	3535	0
8767	8767	162
6396	4575	32
113	113	58
5680	5680	0
4098	4098	0
2065	406	28
9651	939	4
7450	3498	10
3401	4294	18
1846	1845	16
2236	2236	0
68	3466	22
2129	2128	134
8455	5224	66
8971	7220	24
8055	8055	0
174	174	10
1809	1809	0
6334	6334	0
6930	6930	12
7059	7058	54
9545	9544	24
963	963	132
6977	6977	34
4744	4743	10
398	396	58
5511	3718	8
1572	1572	0
6261	6259	80
1502	4382	6
8697	8697	2
9572	9572	0
5252	5252	72
7212	7212	0
378	378	0
3134	3132	68
6536	8224	6
8117	588	296
8059	8057	12
2981	2981	0
1223	1220	160
8785	1639	2
5543	205	28
540	282	50
82	82	0
7238	3595	40
315	315	22
7100	7100	36
9721	9721	0
4704	4704	280
7970	7970	8
802	802	0
4996	4996	10
5172	5172	0
2473	2472	10
258	2670	4
8353	5204	20
3253	3253	38
5153	5153	32
8623	8623	0
5626	5625	36
2375	1427	20
8013	8013	0
7127	1424	22
3926	3926	16
4451	4451	192
3247	3247	0
32	32	4
126	125	22
828	828	0
5713	5711	24
6251	1941	434
2011	449	2
5473	5473	0
9484	846	2
7020	7020	0
8818	4133	26
2512	2512	28
8272	6264	2
3262	3262	0
1710	1710	0
8532	5204	4
4534	1826	270
569	569	0
7786	4319	20
4093	4093	84
547	547	666
2422	2422	72
296	296	222
5296	3036	34
6460	5697	12
2959	2958	132
5211	5211	0
6688	6688	0
919	912	94
9222	9220	72
5226	2338	258
5133	4014	22
5493	2815	14
1373	1373	106
5974	168	30
5070	718	22
8619	8619	40
4259	4259	0
5516	5516	50
718	718	306
6094	6094	32
1101	6002	40
7076	7074	254
8351	368	2
3565	3563	8
8021	4447	2
2802	2802	88
2460	2048	66
2700	3342	16
6401	6399	14
9487	9487	0
1696	4917	8
720	4110	10
1015	1015	144
3786	3785	24
6519	6519	0
3229	3229	0
944	944	250
7573	456	98
2664	2664	16
2661	2661	0
1056	1056	238
3847	3847	26
6479	1495	4
5323	5323	10
481	480	6
7965	6002	106
508	508	62
394	392	24
1275	1275	0
3838	3838	0
8535	8535	0
2336	2338	14
1591	1424	54
5112	5112	28
1636	205	4
4957	4957	70
317	317	912
2291	2291	108
1595	1595	0
4972	470	26
9241	9241	0
3333	2277	24
4632	588	6
4990	4989	8
1658	1658	0
1982	1814	4
5861	5861	0
1327	5048	16
6149	118	20
3110	3110	110
9163	9163	0
1290	1290	14
8846	8846	0
1176	456	8
1631	1631	2
2679	2679	16
9297	2975	2
6660	3699	20
6034	1300	8
364	3409	8
2350	1495	64
5692	373	4
4384	4384	0
3184	3184	172
3923	381	4
8529	8529	0
2049	2048	78
8033	7844	6
4924	1875	2
5440	5440	94
7877	7876	106
5477	3109	8
6619	9415	52
814	814	280
7003	282	44
868	863	156
3757	3757	0
1766	1766	10
3232	3232	56
4489	4489	0
1030	1030	12
4661	472	4
1849	1412	24
4283	4283	12
6813	6812	100
8378	8378	34
2838	794	58
6952	6952	8
4278	4278	0
269	269	162
352	655	4
8127	111	4
9220	9220	44
321	321	0
9043	1534	10
7472	7471	86
9083	9081	40
751	751	160
6207	6206	76
5768	6574	6
6223	2448	12
6850	603	16
8839	8839	0
344	344	82
5871	3559	14
5810	938	2
4696	4696	8
6070	6070	134
5754	3037	2
4542	4542	0
4785	4785	0
5837	1308	4
5764	5764	0
1267	1267	32
2142	2142	32
7744	2277	10
1011	1011	10
5349	5252	8
7768	751	22
1523	1523	10
2963	2963	34
3974	3974	74
5555	5555	142
6315	2277	32
5289	1015	16
3630	769	58
403	132	20
1161	5891	32
5760	771	2
2899	2899	0
454	454	248
3505	1398	28
5238	5238	0
9067	9064	16
4017	3037	4
8369	2372	4
7282	6589	82
2596	2594	16
3306	3306	0
4523	814	56
647	645	48
4816	4814	12
3292	3292	112
7557	7557	10
7647	47	30
409	409	4
6399	6399	16
2220	2220	0
6919	4917	126
2338	2338	214
1098	1098	0
9233	2824	2
5364	5364	0
9601	9601	0
4856	4855	16
506	505	78
3764	3764	0
1278	1278	0
5972	5972	0
9640	9640	0
1188	1188	74
2181	7649	6
8103	8103	116
8951	8951	0
335	335	12
5932	5931	26
2943	2943	24
804	7692	6
6297	4133	184
9072	571	8
5414	2314	10
3890	3890	14
6607	6607	0
8220	348	2
8603	8603	0
65	65	8
5244	5244	0
3568	3568	0
8129	8129	0
2144	2142	36
8155	8155	0
1085	1084	4
43	3796	6
4104	588	98
4773	2928	18
1771	1771	4
4145	6405	20
407	406	126
4628	1522	14
4710	3293	12
9057	9057	176
4064	4064	0
8251	8251	0
9583	9584	70
5752	5752	0
2934	2930	30
4989	4989	14
5683	5683	40
7403	751	6
5272	5272	0
8892	1075	78
3751	3751	28
2478	2478	2
2249	142	2
7837	7837	0
5628	456	6
9696	9216	20
3026	3026	58
7833	7831	40
240	237	34
2666	2666	58
6020	6026	34
6029	3817	6
6958	6958	0
9081	9081	30
7539	2829	28
7793	4575	28
1839	3110	8
5191	3246	22
5405	5405	0
8810	8810	0
8166	8166	0
6593	6593	0
3077	3077	0
3711	592	16
4188	1315	4
209	4614	2
8626	4110	10
1300	1300	146
412	1215	26
8581	111	12
4984	4984	0
716	716	0
9276	7377	130
3266	821	2
3340	3340	0
6431	6431	0
1139	1137	60
684	683	30
7311	6049	2
2277	2277	132
1225	6750	12
1248	355	54
4353	4353	0
1363	1363	0
1323	3389	40
5436	5436	0
1125	7771	24
9203	8697	4
9682	2953	56
9794	9792	8
6774	2878	2
1071	4974	4
6382	6382	0
3158	2091	20
9100	8859	8
5950	4249	32
1177	456	394
5025	5023	12
5673	2558	12
128	1203	16
7247	7247	0
5267	3009	18
9810	3368	10
1561	5090	10
1262	2714	4
4635	4635	54
1320	1318	8
1619	1619	48
7637	7637	0
590	590	0
3748	3747	192
92	5555	2
1474	1474	0
1410	821	78
606	603	20
5558	5555	130
3728	3728	0
6366	5151	4
3308	3308	0
4509	4509	18
9624	4288	12
9274	7377	64
6114	6114	44
4764	3595	30
3469	3469	64
4014	4014	54
9559	9559	0
8341	8341	0
2839	2839	0
6725	2986	34
3726	3112	22
1455	1455	12
3331	8521	20
704	1923	2
3637	3637	0
1752	1752	8
3823	3822	12
9481	9481	0
4648	1220	72
3740	769	52
1885	1885	0
6711	6026	34
6684	205	372
5083	7692	2
775	381	130
3147	3147	0
4229	4229	26
1392	824	8
9814	4451	2
9852	2314	42
8540	9158	20
1703	1703	0
2386	2386	22
5756	187	58
2877	2877	10
1211	1213	8
436	4330	4
510	510	0
102	101	28
8999	6750	74
4394	4394	18
488	6371	6
7544	2664	4
9498	9498	0
9856	540	18
6541	6538	214
1867	3036	16
7948	7948	10
6694	6693	68
8394	7412	16
6005	1962	22
9208	2963	12
4484	74	40
1401	1401	12
5097	5097	16
7699	7699	0
7061	2545	64
8620	8619	46
3531	205	118
4507	4507	0
5201	5201	0
5036	5036	0
1271	1271	42
5967	588	6
4559	5102	42
2552	2550	52
372	372	306
3880	1763	58
1648	4467	8
5342	5342	0
9187	9182	32
960	960	76
9796	9796	0
8891	8890	84
8905	8905	0
7826	5999	8
2830	2206	358
95	2834	16
7395	9216	10
4670	1018	14
5417	5417	58
150	1763	114
2859	2859	0
3556	2278	12
7371	7371	20
324	324	82
6202	769	56
2087	2087	0
4054	4054	8
6247	3110	2
53	6397	4
5050	5048	18
6084	113	44
7352	2302	2
323	323	76
7215	7213	40
8046	296	2
6739	2546	8
4669	4669	0
9477	9477	0
7114	2225	28
2405	814	12
5832	6084	4
9282	7854	12
5852	5852	6
8850	135	12
7622	7618	96
7046	7046	0
9399	9399	0
6509	871	18
4743	4743	22
5042	1251	40
7641	6684	56
5905	5905	0
5069	1435	10
9105	6311	14
1768	671	26
9792	9792	8
1200	1200	0
9038	9038	0
8979	8979	0
5891	5891	118
4729	5891	44
3375	3373	146
1315	1315	2
1164	4133	42
6392	6392	0
2864	2864	0
1763	1763	104
949	2742	4
9877	9875	12
4102	4102	0
4368	863	40
8081	8081	0
5958	3037	118
5923	5923	0
3576	3576	0
961	963	70
8280	8280	22
7895	7895	0
3854	2664	8
1962	1962	440
931	931	122
3467	3467	6
771	771	112
969	2901	8
1260	1260	0
9963	5218	16
2601	435	56
5884	5884	10
509	508	14
2957	2957	0
8306	4500	4
9637	9637	0
2079	2079	0
4881	2412	26
3270	2199	36
4225	4225	0
4855	4855	50
5142	5142	0
8555	3592	4
6715	4300	4
3434	3434	46
5130	2594	4
3609	3609	0
9310	9310	0
3785	3785	24
9668	9447	26
8144	8144	30
5154	5153	24
9192	9191	12
8639	8638	8
171	171	0
2580	4349	28
1276	747	26
6438	960	2
3840	8767	4
9410	3747	10
561	561	94
4514	4514	0
1384	2522	14
7854	7854	8
3652	2412	40
8872	6919	24
3590	3587	12
2801	1814	294
5466	4124	164
517	517	0
6103	6103	0
2146	2146	54
2385	2384	226
3009	3009	160
6341	6340	52
3203	3203	0
8234	9182	2
6444	6443	24
4767	4767	8
5204	5204	120
2323	2323	44
7861	3767	4
7489	4635	110
4288	4288	12
7816	7816	86
3649	332	2
5663	1174	2
6742	8222	62
2275	2275	486
168	168	52
2269	3559	24
7771	7771	74
9247	868	16
4113	645	332
5098	5097	10
8608	3184	96
2758	3292	8
5000	5000	0
8310	976	2
3454	3847	22
6418	5363	36
337	335	12
5158	5158	16
8134	2676	8
714	317	8
1219	1220	82
2972	2972	0
1735	1195	20
8703	3373	24
6871	6871	0
6831	6831	0
287	287	20
2306	2305	120
6170	5856	6
3518	3517	16
8568	1177	8
5067	5067	0
7898	7898	0
6719	6719	142
7578	769	4
6526	3874	8
2546	2546	32
8985	8985	0
1926	2953	10
8383	1570	92
6125	47	28
6841	6841	0
8215	1629	10
7155	7155	0
5434	5775	76
8009	8005	16
4029	265	16
6853	6853	0
5235	8961	4
4165	105	6
588	588	964
390	390	0
881	881	12
9115	9115	0
2361	4996	4
1980	1980	0
9771	9771	0
3583	3583	0
4100	4100	0
7627	555	4
4819	7692	14
4665	4667	4
882	881	12
9094	1600	22
7669	2417	32
5909	4035	4
3327	508	8
5341	1058	8
3812	5994	8
5118	1308	40
4062	4062	0
6453	6453	4
1569	1569	0
8116	588	246
1581	1581	50
6475	6466	44
1007	1007	0
7748	7748	0
430	428	104
2157	2157	8
8789	8789	0
2688	2688	0
5407	4704	20
5924	5924	0
3907	3907	0
4562	4562	0
5269	1923	12
8244	8244	0
6328	1923	834
4011	1193	32
825	825	56
7869	7657	2
2813	724	16
8722	8722	0
7996	7996	0
5770	5770	0
6349	6347	166
3305	1015	36
3091	3091	10
5766	5766	0
9258	9258	0
2573	807	2
1495	1495	382
2692	2691	36
8338	2953	26
2265	7510	24
1286	3382	34
4130	5259	32
6793	1034	52
4604	4604	10
5938	3466	36
4630	1899	10
7377	7377	190
8562	8562	0
2314	2314	78
4148	4148	54
3112	3112	68
7716	3019	314
6866	6866	0
8173	8173	0
9872	2545	2
9492	8961	8
4055	4054	14
4133	4133	126
2497	3112	2
2417	2417	14
894	894	0
5023	5023	22
9596	571	30
3517	3517	88
3316	3316	22
1742	1739	62
8947	2522	92
3313	1077	10
1195	1195	66
2434	6026	70
4487	2044	28
3694	3694	0
7410	4249	4
7693	7692	112
4375	4375	0
9980	2772	2
9708	9708	0
7180	2703	26
3004	3004	38
8975	625	34
5563	5563	0
9415	9415	76
4309	4110	6
8506	4249	12
6496	2338	50
8719	671	4
1937	1066	10
8104	8103	146
4570	4570	0
6713	4733	28
3132	3132	78
4273	2	12
3027	3026	52
3206	3206	0
1253	1253	6
707	707	0
3036	3036	486
537	537	72
496	496	416
8414	8411	64
4537	2670	12
5812	645	6
381	381	96
1793	1790	12
1832	1830	30
3246	3246	44
90	90	46
200	198	118
7980	7137	10
1480	1480	0
7510	7510	68
8439	8439	0
5336	5336	56
283	7460	18
8644	8912	18
1517	1522	12
1412	1412	64
821	821	178
6451	3317	52
2979	2979	162
4231	938	444
2466	2466	0
9869	9869	0
8740	8740	0
1772	1771	8
3378	317	8
7772	7771	110
4898	2323	22
5253	5252	80
3503	3503	0
7885	7885	304
355	355	310
5895	3047	24
8919	871	18
3319	1017	146
5667	5667	0
3903	814	70
7494	2342	34
9733	3171	4
2238	1656	180
9589	355	30
329	938	6
7523	7523	12
5835	1427	8
1307	1308	12
3796	3796	190
4304	4304	0
809	809	88
6018	6018	0
7344	7344	0
6615	1322	20
1985	1985	0
1853	1851	18
4349	4349	92
2104	4038	4
1606	1606	22
6650	1011	14
3745	3745	0
5999	5999	54
4663	4638	4
74	74	18
6332	4133	34
9687	9687	8
262	260	44
2659	9216	4
1875	1875	356
9138	373	60
7801	7801	0
9800	577	2
3212	3212	26
6144	4249	74
3426	3426	20
122	122	0
740	740	28
5670	5670	0
3420	3419	40
4411	6671	4
7635	7635	14
1780	1780	30
5182	2948	8
1087	1087	218
8772	6380	6
4589	4589	0
958	960	4
7356	7355	214
435	435	156
8428	1177	178
1244	1242	20
2909	2909	16
5073	8961	4
3806	3806	86
6511	1092	4
7848	7848	0
967	967	0
3260	2091	14
6356	6356	12
142	142	106
4614	4614	6
7201	1427	12
6464	549	86
6697	6697	0
1075	1075	148
1441	1441	16
1713	1713	62
1002	3751	4
3153	4500	24
3979	303	4
132	132	170
6413	1692	126
2794	4249	2
2177	108	6
4867	4866	28
8322	547	2
1358	372	6
1860	1739	10
1754	1752	8
1899	1899	4
2369	2369	0
1973	1973	48
4261	4261	0
1221	1220	94
9842	9842	0
4875	3253	32
5180	5180	0
2578	2578	0
9565	5204	10
5742	6558	18
8859	8859	52
224	224	14
9834	1581	14
2248	2248	0
9040	6347	8
7680	7675	40
2717	2048	162
4872	4500	50
7307	537	46
9019	7657	40
111	111	306
2077	1253	2
2960	2958	16
3870	3863	88
249	249	38
1291	1290	32
1144	1144	0
5064	3625	4
5114	5112	30
9939	2953	2
7382	423	78
3170	3184	88
4692	2953	14
7945	1591	2
2136	2136	26
1435	718	282
5081	1469	4
5888	303	8
896	896	0
8478	8390	8
5654	3527	2
7213	7213	40
3874	3874	56
5794	5794	224
842	2091	12
120	2644	6
7788	2520	18
9859	323	2
2817	2815	86
4200	2765	12
6885	6885	0
4184	2275	402
9294	6328	466
1416	1177	18
428	428	54
966	966	166
2195	762	4
1113	1113	0
7721	7719	12
952	5356	20
1318	1318	8
5920	5920	8
1663	1662	8
9191	9191	12
7137	7137	42
6560	6560	0
7372	7371	14
6197	6195	20
7457	1923	4
4516	4516	44
9360	9360	12
6915	6915	16
2681	2107	16
9403	2979	82
8062	2277	14
3789	3789	0
2216	90	12
154	154	0
9370	9366	16
7890	198	30
4252	282	16
4873	4249	18
7309	7309	8
2882	2834	48
3724	8859	30
3779	821	2
8421	8422	16
1669	1669	36
9769	5329	2
7419	7419	0
6891	6891	0
5400	1374	80
4644	4644	90
8549	8482	4
9302	5518	4
7014	7014	0
308	543	6
9011	9011	0
3521	3521	0
7875	7875	0
8486	4509	14
1662	1662	14
6208	6206	102
7279	2048	30
5029	5029	46
6626	3751	38
686	686	0
9117	484	100
2293	470	62
1027	456	16
5901	5899	166
4271	4271	0
4467	4467	190
1129	265	10
166	166	12
2531	963	150
2093	2091	138
8638	8638	8
9280	9280	0
1482	323	72
9271	9270	8
9165	4394	2
3177	3177	64
2381	3316	2
5345	2742	30
1059	1058	180
5520	3064	30
2523	6750	12
7491	7491	0
2875	2875	0
3192	176	2
5228	5228	66
9505	2575	2
2829	2829	24
396	396	52
7376	5029	26
7016	7016	0
4896	3364	10
1934	287	26
3657	1586	32
8283	1023	76
3424	1600	4
788	8018	6
3831	3831	0
3638	1941	2
1917	1917	0
5218	5218	54
2425	2425	0
1790	1790	12
1154	1154	10
9926	655	40
7366	2965	12
9985	9985	0
2155	4667	4
2698	282	56
8390	8390	10
4850	5683	12
7087	2412	44
2025	2025	58
9097	5219	106
468	2834	86
388	388	222
2491	2491	0
6836	6836	0
8089	8089	26
2476	2342	72
7521	205	88
3444	966	30
5089	5086	36
6040	6040	0
2564	2564	0
7823	7823	0
5618	3806	74
3129	2454	6
2634	2634	0
2724	2724	0
2870	4347	2
8375	8375	0
1296	3019	36
7498	6328	10
5356	5356	28
8953	728	4
6117	6114	44
2893	1972	16
9264	249	8
2772	2772	42
9826	9826	0
1538	1538	0
7099	7099	0
7630	7630	0
406	406	130
2554	2554	10
9026	6165	22
1686	8619	2
4123	4123	344
8363	8363	0
2654	2654	8
304	317	2
798	798	0
1683	7793	2
7257	3171	6
5644	4080	6
9494	2918	18
1368	1368	192
302	302	80
653	1105	40
6493	6493	0
2439	2439	0
7809	7809	0
22	21	80
1040	1040	0
2001	9875	6
3020	3019	564
7950	7948	8
1607	1606	38
7143	7143	0
4468	4467	130
8527	5852	16
8402	3177	12
8147	8144	20
6633	6633	0
2388	2386	22
138	138	0
2998	65	16
8014	8014	0
4013	4013	0
5486	205	34
4638	4638	28
7751	4957	38
9523	2858	28
6374	6374	18
1349	5228	14
2097	98	52
9798	449	12
4814	4814	6
8791	710	2
198	198	180
8570	8570	0
6703	5329	4
5453	456	8
9573	4500	14
2918	2918	34
3466	3466	34
710	710	22
7514	7511	102
626	6165	2
5587	5587	0
3769	2545	96
1023	1023	76
3592	3592	10
8071	2048	14
387	387	52
4334	4334	0
1812	303	2
4255	4255	0
4775	1729	10
5011	5011	20
9156	9158	30
2841	4330	4
7971	7971	0
7430	7430	0
8585	8585	0
9120	9120	0
4706	2351	8
4926	769	36
8422	8422	30
5507	5507	0
4285	8378	56
6002	6002	120
2809	2809	0
2656	1729	12
3684	2048	364
954	954	0
7065	7065	18
8295	2670	26
500	500	0
4042	6428	6
3511	3509	70
9112	9112	92
7844	7844	6
8489	2231	2
6986	4566	4
9875	9875	8
1511	571	4
1398	1398	104
5979	666	6
1338	1337	8
5897	5897	28
7160	1333	38
5231	2338	152
4438	4438	0
5965	5727	60
5293	5293	14
8005	8005	16
5135	2225	8
3623	3091	4
2328	2328	4
4762	4762	0
6942	6941	34
9161	9158	52
597	597	10
1972	1972	28
2770	2770	0
465	465	0
3384	1923	54
6354	6354	0
3584	205	6
443	443	16
7541	7541	0
8755	8753	40
1046	1046	0
2363	2363	14
8041	506	4
3973	3974	66
8664	3373	22
1688	4855	4
5864	5864	0
7050	7050	8
172	388	6
3294	737	14
9900	3059	22
1676	1676	328
1706	166	8
4328	4328	0
4894	4894	0
8884	4974	76
9804	9804	0
7107	1398	14
4035	4035	60
6864	4303	18
8230	1729	32
4237	939	18
3225	3225	32
8317	1600	12
8709	8709	0
1333	1333	102
8805	8801	24
3389	3389	48
1218	1215	94
7675	7675	62
3718	3718	8
9145	9145	0
7583	8753	14
5829	5829	0
642	642	30
7397	348	14
1923	1923	472
5159	5158	28
6507	6507	0
135	135	82
3547	7084	2
3799	1814	2
4976	8048	24
7727	7725	18
2482	2482	0
2821	2821	0
2367	2367	2
3003	3003	0
3012	1429	4
8967	8967	0
2377	2377	20
600	3517	18
3889	1066	84
891	7460	10
6282	6282	0
7660	7511	62
1743	1743	0
5177	5177	0
5219	5219	92
7528	1373	8
8495	187	56
4294	4294	22
2278	2278	66
7318	7318	0
5164	4606	26
5525	5525	12
3485	1267	84
2391	612	10
4124	4123	168
1821	1821	232
5504	3234	16
3030	633	6
3019	3019	290
401	401	0
2023	2023	0
5464	8859	14
2296	2296	0
332	332	10
9500	6380	8
1305	454	38
6723	6719	416
956	956	0
1170	1169	308
3414	3414	18
6779	303	28
158	3037	170
7391	7391	134
5230	2338	60
6690	6690	0
8578	8578	0
8822	3059	58
5092	2666	4
6455	1374	2
7814	2363	4
5137	3293	2
3059	3059	74
4724	2107	2
9132	3091	36
130	130	36
9951	9951	0
7677	7675	32
3820	976	16
543	543	102
7281	6589	16
7563	7563	0
4454	4453	128
3265	6259	2
5004	5004	24
6443	6443	20
4204	7471	26
8473	737	2
8264	3751	8
4085	4084	20
2743	4974	12
3038	3036	364
7023	7023	0
2613	47	28
8694	180	18
2734	944	4
8519	8519	0
340	340	0
4943	5252	16
41	41	0
633	633	16
9882	9882	10
7471	7471	138
1986	1528	2
4595	4519	18
3501	6684	4
3943	3942	200
5078	1398	38
7304	4451	2
6184	547	4
6320	1162	44
5450	508	18
1639	1639	472
2884	2884	0
1469	1469	14
2731	1075	60
2712	2712	0
7078	2091	6
9173	1251	14
8468	8468	14
9028	9028	0
7383	423	36
4605	1923	132
5602	1763	40
5893	5891	92
2234	547	2
1612	809	12
1018	1018	102
2648	960	12
567	443	16
3376	2225	4
6406	6405	42
8484	8484	0
303	303	422
4611	187	8
2737	1256	10
7575	7575	0
8574	282	30
4568	7885	8
2535	3187	4
702	2025	120
14	205	8
5708	666	186
6585	6585	0
2014	2014	6
6098	3595	36
5127	4347	14
7267	7267	0
1887	3426	4
4903	4903	12
2162	2162	0
1893	1891	182
1978	1978	0
6064	5891	40
7205	303	14
625	625	456
9456	3037	56
6227	3684	106
2444	2444	0
9554	296	28
1017	1017	168
3	2	88
7595	3796	104
3784	373	124
7146	4822	24
9610	7309	8
7422	47	10
3115	3115	0
8655	1713	74
6423	108	2
1909	1907	16
5279	5279	22
9452	3253	4
4075	4075	14
4492	2091	8
8392	4704	12
4735	4735	0
8314	456	2
2141	2140	76
5573	5336	28
8668	5689	2
555	555	198
3642	3642	0
9511	2275	32
1430	1430	4
1614	387	8
7604	5293	6
1507	1374	112
4702	5048	2
815	815	60
1545	132	168
607	607	2
5243	5090	192
4371	1826	50
6206	6206	112
57	57	38
5987	2412	6
3470	3470	66
3836	5336	8
5339	5339	110
724	724	82
4554	1177	4
3587	3587	16
474	32	6
5917	282	18
663	663	68
4151	4151	26
6369	2979	24
8225	869	22
635	633	12
7657	7657	94
1964	1964	0
1690	1690	34
3599	3599	4
3107	3107	26
438	5899	48
737	737	332
9372	4382	30
5037	5037	14
7203	7203	0
3099	3099	0
4733	4733	16
5502	5502	180
3589	224	36
5144	4148	24
1354	737	290
4110	4110	332
7592	6255	36
7286	7285	12
8482	8482	2
1680	1680	50
6956	3020	8
4912	3409	34
1135	387	2
6632	6632	0
3413	3413	0
982	982	0
1535	1534	60
7326	355	4
8955	8955	0
6390	5259	46
1058	1058	282
3670	3670	0
6822	3592	20
7392	7391	54
666	666	116
6192	1639	60
2099	2099	0
871	869	710
8038	5502	186
3435	3434	44
4313	527	2
2575	2575	2
7104	3469	24
19	2048	116
5635	5635	0
9920	6371	90
9766	1213	6
939	939	66
5340	5339	46
4176	1023	130
8419	8419	0
3171	3171	4
4550	2877	10
6974	4093	58
3759	3758	116
9937	1814	2
1729	1729	172
6551	6551	22
631	8411	8
2777	2351	112
7953	7953	0
389	388	110
8197	6038	18
3509	3509	72
863	863	50
2499	2499	0
7957	769	14
876	875	26
8475	480	4
3342	3342	52
8512	8512	86
9050	1427	2
3492	2488	10
3062	3047	6
6259	6259	88
5678	5264	38
6669	3232	138
3738	3738	0
4036	4036	0
2921	2921	0
6772	317	6
423	423	138
7095	4249	14
255	5011	2
230	230	0
4600	4600	14
3772	6538	14
4749	4749	6
1149	1149	12
8705	1766	14
8411	8411	54
4621	5204	2
6767	6767	0
3741	769	112
2887	7213	18
6210	821	28
9777	1619	4
7960	7960	8
5775	5775	186
8497	537	8
3364	3364	210
5961	1923	38
1550	522	68
9086	9086	0
6325	577	4
7051	7050	8
5310	2342	56
3080	1300	148
3279	135	28
7466	7466	0
5167	3101	2
4658	603	4
3817	3817	22
1739	1739	108
2331	966	2
6622	3751	14
9584	9584	68
9728	2264	14
1293	4500	2
3194	3194	0
1281	1281	0
7071	7069	38
2784	887	12
6154	1805	14
1876	1875	20
6409	9739	14
220	220	0
1774	3364	6
4223	825	8
6706	1692	8
1692	1692	250
3286	555	10
2344	2344	0
5610	885	6
6857	2270	4
4519	4519	6
8676	8675	26
9886	9886	26
9270	9270	8
3986	406	2
9619	2277	12
5758	5758	0
8530	472	26
5027	2834	334
792	792	60
4573	4573	0
8187	3171	4
3071	2277	8
2868	9886	2
530	8048	8
3934	3934	0
926	111	2
4026	2679	8
9646	9645	16
2691	2691	36
1084	1084	36
3892	3892	0
5952	7074	8
7938	1220	68
2412	2412	154
446	449	8
6049	6049	2
4479	4479	0
1573	655	12
9382	344	8
6364	863	48
3927	3926	54
51	51	0
2901	2901	4
1878	1424	2
4046	4046	0
6827	6827	8
2068	470	52
6482	6482	0
2709	2708	12
1380	1379	48
6671	6671	24
3371	3371	0
7335	7335	0
2753	2752	12
6387	1215	8
7066	7065	12
2847	2847	88
8433	6347	48
7285	7285	12
6603	111	144
1956	9886	2
211	211	24
1466	1466	0
8335	2206	12
736	736	0
7314	7314	0
2807	2807	42
9891	2943	28
6214	732	36
7355	7355	92
6397	6397	52
1268	1891	24
6667	6667	0
1215	1215	44
2212	2210	20
6787	6786	46
776	776	36
6291	4429	48
2456	5090	34
8367	7816	30
2031	2025	46
27	27	0
8140	2563	66
8912	8912	44
8925	6693	10
1556	1814	2
6477	6477	106
4249	4249	798
519	519	0
6595	821	4
5658	5658	0
157	157	0
3234	3234	98
6011	6009	138
2788	2788	70
2302	2302	88
2642	3110	28
2545	2545	472
1990	1990	56
8646	8646	0
5264	5264	268
839	5440	6
4316	3389	24
4719	4719	0
648	645	32
6873	6873	16
5711	5711	22
9832	9832	0
3705	4733	4
3846	3846	0
9808	9808	0
3409	1434	32
3248	2909	18
2325	574	4
232	232	2
4330	2203	22
243	242	32
8795	454	36
4797	4797	0
5443	938	10
1232	1232	0
6553	5264	114
946	944	34
8514	8512	104
9338	6658	10
1995	142	42
4079	4075	34
2161	2161	0
25	25	0
9760	6597	38
1245	1941	2
5784	5783	50
4007	4007	0
612	612	66
5124	2048	2
6833	6833	0
5914	423	4
3281	3281	0
1068	1729	12
2128	2128	138
1203	1203	28
559	6719	6
1816	1814	54
6917	1034	128
472	472	244
2516	2512	36
8652	5794	2
6750	6750	118
4845	4842	100
620	620	44
3916	3911	30
2218	8767	2
4324	931	44
5427	205	190
8181	8181	0
4392	508	6
5420	4767	8
8248	4293	28
2252	3426	2
6889	1639	30
4080	4080	18
3119	5029	10
6038	6038	50
5553	938	20
9376	1941	2
7299	7299	0
8674	8674	0
205	205	1108
4111	1308	70
4887	3019	42
1598	1213	30
8521	8521	48
8779	3302	224
8680	4249	66
1911	1750	8
98	98	22
6746	6746	0
6090	4974	22
1660	456	36
421	2146	16
4578	815	46
5363	5363	208
6309	6309	0
2462	771	84
8782	8782	0
8736	1059	12
577	577	46
5056	3988	58
664	663	62
4181	166	2
3686	3589	20
6530	1177	52
7798	7797	16
2768	1330	8
1169	1169	322
8259	8259	0
2126	3234	20
293	2644	18
101	101	30
7101	7100	58
9739	9739	582
1497	1497	0
4419	4419	0
34	34	8
5824	2742	4
2987	2986	76
5198	871	2
2520	2520	68
2107	2107	100
6763	7084	2
2075	2075	0
9836	737	42
2018	2018	50
2224	6328	16
7911	348	20
3640	5775	2
4319	4319	20
3189	3302	34
3064	3064	66
7140	1666	4
1586	1586	54
8463	282	14
1024	1024	0
2320	1729	150
725	725	0
279	279	0
5562	5562	0
8261	8260	86
6790	7074	6
2472	2472	16
700	703	24
9530	3964	34
7531	1373	22
1152	739	66
2988	718	4
234	234	6
194	1193	10
1604	1604	66
1993	1990	128
1526	9220	24
5259	5259	62
2109	168	12
3179	2052	2
6046	1056	102
7736	3234	8
3542	3542	0
7797	7797	8
4421	4421	78
1944	5903	30
769	769	322
8813	8812	16
8224	8222	132
2089	2089	0
7292	9057	10
8683	3974	28
4842	4842	108
859	859	0
2570	4249	64
3754	4249	60
2803	4974	2
2948	2948	8
5338	5336	86
1863	1863	0
7054	505	32
4379	4377	106
6921	6921	0
875	875	18
4378	4377	42
6601	111	28
4799	2654	4
4512	4512	30
1499	5224	22
5578	5578	0
822	821	130
4429	4429	106
6894	6894	0
1322	1322	28
6733	6733	0
3758	3758	96
4667	4667	72
368	368	10
9514	6084	24
4038	3112	76
2396	2395	84
8932	8932	0
3550	825	2
4788	303	92
1785	4010	8
6466	6466	48
6937	6937	0
8441	269	12
4580	4580	110
4731	205	6
8863	6915	6
1897	1897	0
3937	2020	8
6928	6928	0
3809	5363	134
1700	1455	10
3715	3368	4
1872	1872	0
6162	4249	4
6567	6453	8
552	552	86
935	5363	30
2718	496	2
2728	4151	2
7713	7713	0
1034	1034	72
6417	5363	180
4953	871	26
8812	8812	10
553	552	76
7601	7601	0
7464	4855	36
2133	871	28
8990	5502	4
4332	4330	34
8452	671	58
6499	6499	0
5389	34	14
4751	4751	0
9544	9544	24
8576	547	20
5302	5302	0
826	825	22
9167	234	6
4527	470	88
9612	9064	14
5141	5141	0
5846	5846	0
3996	3368	140
6589	6589	60
6346	2807	36
7270	7270	34
4388	4453	38
5687	5687	0
1066	1066	62
6088	6088	0
3323	3323	0
8113	8113	0
9961	9961	0
105	105	10
1814	1814	958
7252	1495	4
3530	205	8
9216	9216	78
2928	2928	18
4673	4673	258
2284	2284	0
8907	9057	86
8347	8347	0
9539	4604	26
6405	6405	22
5221	5221	16
7649	7649	22
4089	1018	204
7587	7587	0
6623	3751	42
6082	6082	0
1337	1337	8
8660	2277	26
3419	3419	36
1478	577	28
4518	4518	0
9785	4197	4
574	571	162
2140	2140	90
1251	1251	46
2995	1814	8
990	3663	16
8163	8163	0
8499	8224	14
4347	4347	252
1666	1666	12
4938	2048	4
5689	5689	2
1442	1441	16
5608	3599	2
7426	6070	62
6028	6028	0
3524	2302	98
1530	818	6
1051	6551	12
7338	3292	40
456	456	142
289	6589	8
9048	9048	0
3931	3931	8
8299	8298	18
5052	5052	36
7542	7542	0
8298	8298	16
6543	1826	16
1641	7355	4
8076	332	2
5090	5090	102
7342	5897	24
4051	4451	28
854	854	18
48	47	58
9054	3467	2
5329	5329	160
1427	1427	212
4094	5999	32
1425	113	32
2834	2834	220
8007	8005	16
5448	508	18
5206	5259	14
1805	1805	14
3047	3047	118
6003	6003	0
7349	1669	6
2305	2305	114
9199	8468	4
549	549	110
5265	5265	0
9225	9225	0
236	236	0
4197	4197	52
7644	4229	20
6558	6558	28
580	580	0
9416	9415	140
459	456	80
2055	2052	96
4552	2069	2
9378	9378	0
3580	166	10
1250	1250	0
6786	6786	48
3478	3478	0
6026	6026	148
125	125	12
1407	1308	14
3495	3234	14
3362	2765	302
1939	6026	16
3696	3696	56
8614	2384	6
1005	1005	20
6654	5516	12
4019	4019	0
995	1177	2
3411	4743	2
2041	2041	36
6165	6165	42
8372	7719	6
7759	1875	10
9751	9751	0
2940	2940	0
3487	963	6
5931	5931	26
5963	3540	6
3988	3988	82
3618	3618	0
4616	4616	0
4745	2909	2
2264	2264	156
6484	6380	256
1671	571	2
1746	4249	10
2750	2750	4
4088	1018	10
746	7074	12
9846	332	10
6809	3004	16
2020	2018	46
7357	7356	36
4566	2855	60
4904	4903	34
3416	3414	20
5513	7793	2
1532	1532	0
8194	8194	0
4425	1333	52
2329	2329	0
3770	543	96
7416	4286	2
2172	776	44
9975	6477	14
9958	9958	0
6963	1213	12
7935	7935	0
7930	381	4
2507	2507	0
1220	1220	254
3453	3453	0
2431	2430	32
4300	1690	36
3310	3310	38
4674	4673	116
2206	2206	124
8949	2367	2
6436	1528	2
5287	1220	16
1652	5011	12
6843	7213	4
3050	2385	110
8048	8048	274
8897	8890	86
4459	620	78
3863	3863	94
312	130	12
1901	1901	0
58	57	36
4158	4158	0
773	381	14
6489	6489	0
1341	2594	2
5783	5783	62
1750	1750	8
6597	6597	320
81	9584	18
4150	4148	60
640	430	8
291	2113	12
4337	3847	22
1475	1475	0
5384	5384	0
5048	5048	80
4183	2275	6
6965	6965	24
188	3036	74
4351	4349	124
5720	5264	100
9260	9260	0
7607	4303	16
5395	470	200
5724	5724	0
8416	8416	0
6096	6094	32
8256	8256	0
9605	2044	90
4357	6719	16
7952	7952	0
8723	8723	0
3006	3006	0
8675	8675	26
1629	1629	28
3382	1962	192
8110	6322	46
5781	5781	0
8963	1379	2
7776	8521	16
310	310	340
7710	6547	74
2359	2359	22
2540	2540	30
3843	1056	14
526	526	0
2427	2427	0
1429	1427	106
187	187	164
7260	3110	32
7580	7580	0
4423	4421	60
4879	1739	8
1958	1951	6
7380	132	28
9603	3248	14
2168	537	46
4286	2788	52
2122	1195	2
4473	3009	78
4998	4998	0
2704	2704	0
2040	187	12
1682	1680	52
6954	6952	8
8079	2359	26
6521	6521	0
3366	4673	136
6900	645	22
5727	5727	80
9719	9719	0
1961	1962	4
1472	3037	20
830	5329	2
2522	2520	128
6044	6044	0
7981	762	18
38	38	0
4463	4463	0
2159	2157	8
1622	1622	10
1843	543	10
6311	3184	56
4303	3389	88
8801	8801	26
392	392	12
6859	571	12
9690	7635	4
598	597	4
1379	1379	338
242	242	40
4446	4447	8
7534	409	4
1907	1907	16
1402	1401	12
5012	5011	8
3472	3470	118
4645	4644	90
7905	4500	14
8161	3019	24
2091	2091	92
8523	7793	8
4437	4437	0
3563	3563	8
909	909	0
2528	2528	0
2755	2755	0
2489	269	24
6072	449	2
5651	1092	12
5214	2048	10
5422	5422	66
7008	5891	8
3023	1177	2
3105	1739	6
992	2136	4
2594	2594	28
6569	3037	50
972	972	0
9074	9074	0
4430	4429	110
3089	3942	20
762	762	14
8239	5994	34
3664	3663	36
1032	1030	12
9838	9838	2
9943	3292	2
2982	2982	0
7881	7876	322
3527	3527	16
7505	7505	0
180	180	76
4947	4947	0
781	781	0
2310	2310	0
1894	1894	0
5266	3009	8
7018	9125	16
1845	1845	16
4003	2412	4
252	249	60
1424	1424	58
8237	8237	0
5545	683	26
1787	1923	28
4162	4162	0
2210	2210	22
4717	4717	0
183	183	0
5391	4699	12
5175	792	8
7323	4704	20
1951	1951	12
5729	814	6
1064	3037	64
787	787	0
4935	4118	2
5648	6328	96
4495	4495	0
810	810	0
4118	4118	4
2166	537	24
6066	1194	106
449	449	88
3196	3196	0
2776	2351	102
7796	7796	0
7819	5999	22
2372	2372	10
592	592	14
5684	5683	40
9288	3234	2
907	3931	4
7739	3009	46
1213	1213	110
869	869	378
7124	7124	0
732	732	34
7782	4696	12
5537	2545	28
5971	5971	0
7249	2069	22
1330	1330	94
2591	2591	0
9390	4010	42
3441	3047	8
885	885	4
1830	1830	20
7165	2750	4
9676	2788	80
6556	4906	2
6676	6676	0
282	282	184
1093	1087	102
658	658	0
4408	4408	0
7891	198	12
6704	4038	24
4575	4575	30
5357	5356	14
4699	4699	8
5393	5393	0
5184	5184	0
5188	47	36
9436	9436	0
2448	2448	22
7933	5907	4
2891	2891	0
5849	6151	10
6994	2765	10
6905	625	14
6982	6982	0
3970	6380	36
84	4249	30
8190	6558	2
1204	1203	80
6998	449	8
3822	3822	14
1361	113	2
4585	1814	62
3187	47	168
7509	7511	32
2975	2975	58
8610	8610	0
2782	1075	164
3037	3037	462
4307	1419	8
3595	3595	40
1588	1452	12
5193	2048	72
4404	388	34
8797	7400	6
703	2025	104
747	747	76
5701	3342	48
524	1059	4
9527	9527	0
6874	6873	16
2044	2044	110
5735	5735	26
4461	1875	330
373	373	670
4560	4560	6
7991	2550	96
2316	355	136
2620	1419	60
7613	5427	10
9755	9755	0
2844	1923	142
358	1586	10
9361	9360	12
2797	387	8
6580	6574	48
6140	6140	0
6852	6852	0
6848	2802	62
1103	1103	0
3101	3101	30
8024	2136	22
8260	8260	76
7158	7158	0
522	522	168
7218	4516	8
756	3064	30
4084	4084	16
9645	9645	16
4783	4783	0
213	449	8
6178	6178	0
139	142	14
5239	1322	18
9790	9790	0
6238	6238	0
6935	6935	0
497	496	70
6604	6604	0
9488	9488	0
807	807	122
4715	4110	20
7876	7876	298
2790	2790	0
6673	6671	30
5778	4110	6
8444	2323	10
3048	3796	16
8122	8122	0
2747	456	38
9331	939	14
696	3364	2
9700	9687	6
3399	3310	40
8143	2670	104
3932	3684	4
4827	428	64
1691	1690	68
5802	5802	0
6861	3091	4
5842	5842	0
5103	5102	24
1061	1060	50
4121	4121	0
8757	4500	6
9879	5008	10
6127	938	16
5428	2550	58
9151	2866	10
1577	8222	4
603	603	54
927	927	0
7121	7121	0
9420	4974	38
8666	2275	70
9109	3020	4
1459	1459	0
6032	2430	6
1736	1736	0
3945	8468	10
8027	8026	16
7428	7428	0
2004	1412	32
4022	3806	4
9438	4667	24
3181	3181	0
2229	47	148
4919	4919	12
1155	1154	20
6504	762	2
7359	7356	58
7719	7719	20
4220	4220	0
6235	6235	0
5738	7816	2
2468	1060	18
5535	938	120
493	493	16
3274	3274	0
1610	1610	0
7917	2788	14
6151	6151	26
3068	455	6
6628	6538	10
9897	8767	122
7331	607	2
5015	5015	10
2824	2824	4
2438	5052	6
3456	111	32
4125	4123	112
6269	1875	138
2017	2017	0
8156	4743	24
4811	505	14
3909	3909	0
4915	4915	0
8149	1215	6
8903	547	28
2402	7885	4
9089	8521	30
4738	4283	24
7840	7595	18
5370	740	10
8631	8631	0
7507	2062	2
2914	1023	12
4293	4293	50
9548	9548	0
1237	7771	12
4465	533	12
1467	1467	0
2849	2847	14
4650	603	8
7129	6347	48
4341	1169	2
8242	8242	0
2488	269	40
1996	142	34
5102	5102	10
6897	6897	0
706	706	0
3513	2703	2
794	794	24
8870	737	6
1646	2975	2
1508	571	6
1308	1308	64
8308	8308	0
9268	9268	0
2555	2554	20
1516	1522	38
1147	1147	0
3055	232	2
4031	2520	4
5518	4249	458
2563	2563	332
8875	4917	64
2339	663	8
498	496	208
7045	7045	0
9563	1814	114
3302	3302	88
5994	5994	32
2582	7084	2
5560	3292	2
7235	506	14
2245	2245	0
1376	6443	6
348	348	20
3586	4124	124
5866	3368	12
9364	3293	22
8222	8222	54
2149	2146	64
1374	1373	246
897	728	6
6186	1427	16
1419	1419	70
3620	324	32
5904	5903	28
1856	1856	0
7303	4451	64
6340	6340	52
3289	1570	16
7313	7313	0
7193	7193	0
8267	8267	0
4117	3234	4
676	111	2
6877	6877	20
3217	3217	0
9366	9366	16
1534	1534	40
4239	549	68
136	135	32
6647	4749	8
5496	3364	8
6217	6217	0
3951	472	10
5526	5525	18
2111	1169	4
7026	2014	4
9865	9865	0
1716	1941	32
2714	1005	112
1457	2385	110
1452	1452	70
2342	2342	118
3448	3448	26
8115	588	368
4544	2140	6
4680	160	54
1137	1137	60
1566	5102	180
3790	5840	38
4917	4917	60
7132	1430	2
4839	323	18
3293	3292	200
3394	1619	70
5697	5697	8
8763	8763	0
1999	2666	16
8085	9158	2
1969	1969	0
2118	2118	0
6195	6195	20
8052	8048	196
5790	2386	14
3043	625	14
3735	737	178
3335	2277	120
476	794	2
1930	1092	18
4141	4141	146
4453	4453	76
2689	2689	0
6538	6538	234
8938	5336	10
3001	303	4
4758	2146	8
297	296	256
3144	1105	66
1060	1060	34
924	111	84
6183	260	96
6693	6693	68
5195	5195	0
3237	3237	0
8753	8753	16
2637	2637	0
5480	5480	0
9092	9092	0
2074	6380	80
4901	4901	0
201	201	0
4447	4447	24
7692	7692	92
5038	5037	12
1677	1676	96
7389	7389	0
1883	1883	0
1184	1180	40
30	30	0
1656	1656	136
1197	1195	90
3601	211	8
3674	5903	12
9262	9262	0
8553	938	54
8068	3663	4
843	2091	44
2113	2113	24
2273	1011	4
9883	9882	10
6640	373	8
9441	7970	6
4824	4822	72
3654	2412	10
4386	728	22
485	484	60
4169	3036	2
8424	8422	32
